3
3 3
7 7
0 0 0 0 1 2 3 4 4 4 4 
0 0 0 0 1 2 3 4 4 4 4 
-1.11739377675279 -0.0154077147602015 0.94 1
-0.855959797154604 -0.0131344784650588 0.894056119236297 1
-0.543905796314242 -0.0412807430174809 0.848470289680989 1
0.02559680716757 0.044294793217393 0.724210391340969 1
0.23615988428253 -0.491615630416331 0.848459421377152 1
0.416617119375924 -0.747868236784871 0.894059457697662 1
0.545353415979797 -0.975395254078656 0.94 1
-1.11739377675279 -0.0154077147602015 0.889326996646507 1
-0.881111976441986 -0.043452088649083 0.84672592898149 1
-0.560549242667664 -0.055699224342027 0.760057540481591 1
0.030732771131988 0.0531943078025742 0.585794795751591 1
0.23199588044638 -0.513251927689368 0.760055517372851 1
0.402936449623832 -0.784806284963689 0.846727221460111 1
0.545353415979797 -0.975395254078657 0.889326996646507 1
-1.11739377675279 -0.0154077147602015 0.78789619208483 1
-0.929935903278161 -0.101500957698998 0.753286317893335 1
-0.600172791427106 -0.0954874848931829 0.577697450494733 1
0.0229696676409216 0.0397557529751977 0.293325807917798 1
0.217353677981002 -0.567485165916079 0.577714479709692 1
0.37707441049301 -0.856107677254818 0.753283234787624 1
0.545353415979797 -0.975395254078656 0.78789619208483 1
-1.11739377675279 -0.0154077147602015 0.634435061104944 1
-0.991138936473583 -0.167388986394854 0.600142193334926 1
-0.712604463714195 -0.246588346533778 0.350578048718597 1
-0.138879796039119 -0.240564337701285 -0.00964118262791072 1
0.142731002465318 -0.740418021595989 0.350611702933218 1
0.350609151176359 -0.942051021736001 0.600135027751924 1
0.545353415979797 -0.975395254078657 0.634435061104944 1
-1.11739377675279 -0.0154077147602015 0.482449025082678 1
-1.0463191087737 -0.223230742365307 0.42456578056082 1
-0.846474384327899 -0.435240784614608 0.224693041547754 1
-0.363579353799982 -0.629744092633489 -0.0264023344893474 1
0.0463122837139805 -0.950682846396546 0.224718389460263 1
0.32983167589739 -1.01775734718201 0.424559724060167 1
0.545353415979797 -0.975395254078656 0.482449025082678 1
-1.11739377675279 -0.0154077147602015 0.380981202752407 1
-1.08353694970078 -0.261167603817916 0.301054841858428 1
-0.934277825404315 -0.558468539428501 0.166730253268713 1
-0.509101826624473 -0.881788868265458 0.0369973564092437 1
-0.0164886484011957 -1.08833998711283 0.166743533589342 1
0.315581597346142 -1.06895590795162 0.301050882372117 1
0.545353415979797 -0.975395254078656 0.380981202752406 1
-1.11739377675279 -0.0154077147602015 0.33 1
-1.10228718432976 -0.2803161493994 0.238111844296916 1
-0.978183829460686 -0.620019519014615 0.141281003934897 1
-0.581617948078517 -1.00738668615637 0.0793579234788297 1
-0.0478325157335177 -1.15714091696338 0.141287302375188 1
0.308371230533314 -1.09476760495495 0.238109129506982 1
0.545353415979797 -0.975395254078656 0.33 1
