3
3 3
29 5
0 0 0 0 0.0833333333333333 0.0833333333333333 0.166666666666667 0.166666666666667 0.25 0.25 0.25 0.333333333333333 0.333333333333333 0.416666666666667 0.416666666666667 0.5 0.5 0.5 0.583333333333333 0.583333333333333 0.666666666666667 0.666666666666667 0.75 0.75 0.75 0.833333333333333 0.833333333333333 0.916666666666667 0.916666666666667 1 1 1 1 
0 0 0 0 0.5 1 1 1 1 
1.1175 0 0 1
1.1175 0.187823097694969 0 0.934912618041455
1.07107497188184 0.374699550109434 0 0.891521030069092
0.873498985328418 0.727098376525468 0 0.848129442096728
0.727098376525469 0.873498985328418 0 0.848129442096729
0.374699550109434 1.07107497188184 0 0.891521030069091
0.187823097694969 1.1175 0 0.934912618041455
6.84271399023584E-17 1.1175 0 1
-0.187823097694969 1.1175 0 0.934912618041455
-0.374699550109434 1.07107497188184 0 0.891521030069091
-0.727098376525468 0.873498985328418 0 0.848129442096728
-0.873498985328419 0.727098376525469 0 0.848129442096728
-1.07107497188184 0.374699550109434 0 0.891521030069091
-1.1175 0.187823097694969 0 0.934912618041456
-1.1175 1.36854279804717E-16 0 1
-1.1175 -0.187823097694969 0 0.934912618041455
-1.07107497188184 -0.374699550109434 0 0.891521030069092
-0.873498985328419 -0.727098376525469 0 0.848129442096728
-0.727098376525469 -0.873498985328418 0 0.848129442096728
-0.374699550109434 -1.07107497188184 0 0.891521030069092
-0.187823097694969 -1.1175 0 0.934912618041455
-2.05281419707075E-16 -1.1175 0 1
0.187823097694969 -1.1175 0 0.934912618041455
0.374699550109434 -1.07107497188184 0 0.891521030069092
0.727098376525469 -0.873498985328418 0 0.848129442096728
0.873498985328418 -0.727098376525469 0 0.848129442096728
1.07107497188184 -0.374699550109434 0 0.891521030069092
1.1175 -0.187823097694969 0 0.934912618041455
1.1175 0 0 1
1.16458333333333 0 0 1
1.16458333333333 0.195736598828277 0 0.934912618041455
1.11620229172623 0.390486667619637 0 0.891521030069092
0.91030188814054 0.757733021024864 0 0.848129442096728
0.757733021024864 0.91030188814054 0 0.848129442096729
0.390486667619638 1.11620229172623 0 0.891521030069091
0.195736598828277 1.16458333333333 0 0.934912618041455
7.13101625753511E-17 1.16458333333333 0 1
-0.195736598828277 1.16458333333333 0 0.934912618041455
-0.390486667619637 1.11620229172623 0 0.891521030069091
-0.757733021024864 0.91030188814054 0 0.848129442096728
-0.91030188814054 0.757733021024864 0 0.848129442096728
-1.11620229172623 0.390486667619638 0 0.891521030069091
-1.16458333333333 0.195736598828277 0 0.934912618041456
-1.16458333333333 1.42620325150702E-16 0 1
-1.16458333333333 -0.195736598828276 0 0.934912618041455
-1.11620229172623 -0.390486667619638 0 0.891521030069092
-0.910301888140541 -0.757733021024864 0 0.848129442096728
-0.757733021024864 -0.910301888140539 0 0.848129442096728
-0.390486667619638 -1.11620229172623 0 0.891521030069092
-0.195736598828277 -1.16458333333333 0 0.934912618041455
-2.13930487726053E-16 -1.16458333333333 0 1
0.195736598828276 -1.16458333333333 0 0.934912618041455
0.390486667619638 -1.11620229172623 0 0.891521030069092
0.757733021024864 -0.91030188814054 0 0.848129442096728
0.910301888140539 -0.757733021024864 0 0.848129442096728
1.11620229172623 -0.390486667619638 0 0.891521030069092
1.16458333333333 -0.195736598828277 0 0.934912618041455
1.16458333333333 0 0 1
1.25875 0 0 1
1.25875 0.211563601094892 0 0.934912618041455
1.206456931415 0.422060902640044 0 0.891521030069092
0.983907693764784 0.819002310023654 0 0.848129442096728
0.819002310023655 0.983907693764784 0 0.848129442096729
0.422060902640045 1.206456931415 0 0.891521030069091
0.211563601094892 1.25875 0 0.934912618041455
7.70762079213365E-17 1.25875 0 1
-0.211563601094892 1.25875 0 0.934912618041455
-0.422060902640045 1.206456931415 0 0.891521030069091
-0.819002310023654 0.983907693764784 0 0.848129442096728
-0.983907693764785 0.819002310023654 0 0.848129442096728
-1.206456931415 0.422060902640045 0 0.891521030069091
-1.25875 0.211563601094892 0 0.934912618041456
-1.25875 1.54152415842673E-16 0 1
-1.25875 -0.211563601094892 0 0.934912618041455
-1.206456931415 -0.422060902640045 0 0.891521030069092
-0.983907693764785 -0.819002310023655 0 0.848129442096728
-0.819002310023655 -0.983907693764783 0 0.848129442096728
-0.422060902640045 -1.206456931415 0 0.891521030069092
-0.211563601094893 -1.25875 0 0.934912618041455
-2.3122862376401E-16 -1.25875 0 1
0.211563601094892 -1.25875 0 0.934912618041455
0.422060902640045 -1.206456931415 0 0.891521030069092
0.819002310023655 -0.983907693764785 0 0.848129442096728
0.983907693764784 -0.819002310023654 0 0.848129442096728
1.206456931415 -0.422060902640045 0 0.891521030069092
1.25875 -0.211563601094892 0 0.934912618041455
1.25875 0 0 1
1.35291666666667 0 0 1
1.35291666666667 0.227390603361508 0 0.934912618041455
1.29671157110378 0.453635137660452 0 0.891521030069092
1.05751349938903 0.880271599022445 0 0.848129442096728
0.880271599022445 1.05751349938903 0 0.848129442096729
0.453635137660452 1.29671157110378 0 0.891521030069091
0.227390603361508 1.35291666666667 0 0.934912618041455
8.2842253267322E-17 1.35291666666667 0 1
-0.227390603361508 1.35291666666667 0 0.934912618041455
-0.453635137660452 1.29671157110378 0 0.891521030069091
-0.880271599022444 1.05751349938903 0 0.848129442096728
-1.05751349938903 0.880271599022446 0 0.848129442096728
-1.29671157110378 0.453635137660452 0 0.891521030069091
-1.35291666666667 0.227390603361508 0 0.934912618041456
-1.35291666666667 1.65684506534644E-16 0 1
-1.35291666666667 -0.227390603361508 0 0.934912618041455
-1.29671157110378 -0.453635137660452 0 0.891521030069092
-1.05751349938903 -0.880271599022446 0 0.848129442096728
-0.880271599022445 -1.05751349938903 0 0.848129442096728
-0.453635137660452 -1.29671157110378 0 0.891521030069092
-0.227390603361508 -1.35291666666667 0 0.934912618041455
-2.48526759801966E-16 -1.35291666666667 0 1
0.227390603361508 -1.35291666666667 0 0.934912618041455
0.453635137660452 -1.29671157110378 0 0.891521030069092
0.880271599022446 -1.05751349938903 0 0.848129442096728
1.05751349938903 -0.880271599022445 0 0.848129442096728
1.29671157110378 -0.453635137660452 0 0.891521030069092
1.35291666666667 -0.227390603361508 0 0.934912618041455
1.35291666666667 0 0 1
1.4 0 0 1
1.4 0.235304104494815 0 0.934912618041455
1.34183889094817 0.469422255170655 0 0.891521030069092
1.09431640220115 0.91090624352184 0 0.848129442096728
0.91090624352184 1.09431640220115 0 0.848129442096729
0.469422255170655 1.34183889094817 0 0.891521030069091
0.235304104494816 1.4 0 0.934912618041455
8.57252759403147E-17 1.4 0 1
-0.235304104494815 1.4 0 0.934912618041455
-0.469422255170656 1.34183889094817 0 0.891521030069091
-0.910906243521839 1.09431640220115 0 0.848129442096728
-1.09431640220115 0.91090624352184 0 0.848129442096728
-1.34183889094817 0.469422255170656 0 0.891521030069091
-1.4 0.235304104494816 0 0.934912618041456
-1.4 1.71450551880629E-16 0 1
-1.4 -0.235304104494815 0 0.934912618041455
-1.34183889094817 -0.469422255170656 0 0.891521030069092
-1.09431640220115 -0.91090624352184 0 0.848129442096728
-0.910906243521841 -1.09431640220115 0 0.848129442096728
-0.469422255170656 -1.34183889094817 0 0.891521030069092
-0.235304104494816 -1.4 0 0.934912618041455
-2.57175827820944E-16 -1.4 0 1
0.235304104494815 -1.4 0 0.934912618041455
0.469422255170655 -1.34183889094817 0 0.891521030069092
0.91090624352184 -1.09431640220115 0 0.848129442096728
1.09431640220115 -0.91090624352184 0 0.848129442096728
1.34183889094817 -0.469422255170656 0 0.891521030069092
1.4 -0.235304104494816 0 0.934912618041455
1.4 0 0 1
