3
3 3
7 5
0 0 0 0 0.25 0.5 0.75 1 1 1 1 
0 0 0 0 0.5 1 1 1 1 
0.545353415979797 0.975395254078656 0.33 1
0.380765426339379 1.06454557073392 0.263974219793234 1
0.00264577768224616 1.16893266993888 0.147878804734297 1
-0.58537426748238 1.01389732051195 0.0760609395308189 1
-1.01364780755357 0.582178900131585 0.147877437137229 1
-1.11230616062703 0.202520799289851 0.263974065452057 1
-1.11739377675279 0.0154077147602012 0.33 1
0.545353415979797 0.975395254078656 0.275 1
0.379986656405869 1.06549972580444 0.219978516494362 1
0.000274497158884696 1.16878305726871 0.123232337278581 1
-0.585110033971163 1.01344030415386 0.0633841162756823 1
-1.01233346463911 0.58415657617667 0.123231197614358 1
-1.11274301534928 0.203672073402667 0.219978387876714 1
-1.11739377675279 0.0154077147602032 0.275 1
0.545353415979797 0.975395254078657 0.165 1
0.378429116538848 1.0674080359455 0.131987109896617 1
-0.0044680638878388 1.16848383192837 0.0739394023671483 1
-0.584581566948727 1.01252627143768 0.0380304697654094 1
-1.00970477881018 0.588111928266843 0.0739387185686146 1
-1.11361672479379 0.205974621628299 0.131987032726029 1
-1.11739377675279 0.0154077147602071 0.165 1
0.545353415979797 0.975395254078655 0.0550000000000001 1
0.376871576671825 1.06931634608656 0.0439957032988724 1
-0.00921062493456121 1.16818460658802 0.0246464674557162 1
-0.584053099926293 1.0116122387215 0.0126768232551365 1
-1.00707609298125 0.592067280357014 0.0246462395228716 1
-1.11449043423829 0.20827716985393 0.0439956775753429 1
-1.11739377675279 0.015407714760211 0.0550000000000001 1
0.545353415979797 0.975395254078656 0 1
0.376092806738314 1.07027050115709 0 1
-0.0115819054579228 1.16803499391785 0 1
-0.583788866415075 1.01115522236341 0 1
-1.00576175006679 0.5940449564021 0 1
-1.11492728896054 0.209428443966746 0 1
-1.11739377675279 0.0154077147602129 0 1
