3
3 3
7 5
0 0 0 0 0.25 0.5 0.75 1 1 1 1 
0 0 0 0 0.5 1 1 1 1 
0.572040360772995 -0.959987539318455 0.33 1
0.731540794572086 -0.862025317459672 0.263974219793234 1
1.01100249863952 -0.58675764565503 0.147878804734296 1
1.17074797013351 3.26105478343219E-07 0.0760609395308187 1
1.01100562083802 0.586755301765999 0.14787743713723 1
0.731541237293266 0.86202499224401 0.263974065452053 1
0.572040360772995 0.959987539318455 0.33 1
0.572040360772995 -0.959987539318454 0.275 1
0.732756502069069 -0.861827960448811 0.219978516494361 1
1.0120585705281 -0.584629250147213 0.12323233727858 1
1.17022006560185 1.35127758982279E-09 0.0633841162756823 1
1.01206116707629 0.584628209390248 0.123231197614358 1
0.732756697282808 0.861827682474836 0.219978387876711 1
0.572040360772995 0.959987539318454 0.275 1
0.572040360772995 -0.959987539318455 0.165 1
0.735187917063034 -0.861433246427094 0.131987109896617 1
1.01417071430527 -0.580372459131581 0.0739394023671481 1
1.16916425653853 -6.4815712391697E-07 0.0380304697654094 1
1.01417225955282 0.580374024638747 0.0739387185686153 1
0.735187617261894 0.861433062936491 0.131987032726026 1
0.572040360772995 0.959987539318455 0.165 1
0.572040360772995 -0.959987539318455 0.0549999999999999 1
0.737619332056999 -0.861038532405373 0.0439957032988722 1
1.01628285808244 -0.576115668115947 0.024646467455716 1
1.16810844747521 -1.29766552520172E-06 0.0126768232551365 1
1.01628335202936 0.576119839887245 0.0246462395228717 1
0.737618537240979 0.861038443398145 0.0439956775753422 1
0.572040360772994 0.959987539318454 0.0549999999999999 1
0.572040360772995 -0.959987539318455 0 1
0.738835039553981 -0.860841175394513 0 1
1.01733892997102 -0.573987272608131 0 1
1.16758054294355 -1.62241972584409E-06 0 1
1.01733889826763 0.573992747511494 0 1
0.738833997230523 0.860841133628972 0 1
0.572040360772994 0.959987539318455 0 1
