3
3 3
4 5
0 0 0 0 1 1 1 1 
0 0 0 0 0.5 1 1 1 1 
0.545353415979797 -0.975395254078656 0.94 1
0.554249064244196 -0.970259349158589 0.94 1
0.563144712508596 -0.965123444238522 0.94 1
0.572040360772995 -0.959987539318455 0.94 1
0.545353415979797 -0.975395254078656 0.783333333333333 1
0.554260819414309 -0.970279818198323 0.783341606670557 0.999989438404454
0.56315656163194 -0.965143859034334 0.783341606670558 0.999989438404453
0.572040360772995 -0.959987539318455 0.783333333333333 1
0.545353415979797 -0.975395254078656 0.47 1
0.554284330499481 -0.970320757574949 0.47001489232158 0.99996831521336
0.563180260629528 -0.965184689919674 0.470014892321581 0.99996831521336
0.572040360772995 -0.959987539318455 0.47 1
0.545353415979797 -0.975395254078656 0.156666666666667 1
0.554307842577963 -0.970361698681206 0.156674940353428 0.999947192022268
0.563203960628365 -0.965225522530063 0.156674940353428 0.999947192022268
0.572040360772995 -0.959987539318455 0.156666666666667 1
0.545353415979797 -0.975395254078656 0 1
0.554319598989714 -0.970382169882981 0 0.999936630426722
0.563215811003272 -0.965245939482185 0 0.999936630426721
0.572040360772995 -0.959987539318455 0 1
