3
3 3
7 5
0 0 0 0 0.25 0.5 0.75 1 1 1 1 
0 0 0 0 0.5 1 1 1 1 
-1.11739377675279 -0.0154077147602015 0.33 1
-1.11230622091146 -0.202520253274244 0.263974219793233 1
-1.01364827632176 -0.58217502428385 0.147878804734296 1
-0.585373702651126 -1.01389764661743 0.0760609395308181 1
0.00264218671555586 -1.16893420189758 0.147877437137233 1
0.380764923333752 -1.06454579153388 0.263974065452049 1
0.545353415979797 -0.975395254078656 0.33 1
-1.11739377675279 -0.0154077147602034 0.275 1
-1.11274315847493 -0.203671765355634 0.219978516494361 1
-1.01233306768698 -0.584153807121495 0.12323233727858 1
-0.585110031630683 -1.01344030550514 0.0633841162756817 1
0.00027229756282604 -1.16878478556691 0.123231197614361 1
0.379986318066461 -1.06549975587752 0.219978387876707 1
0.545353415979797 -0.975395254078655 0.275 1
-1.11739377675279 -0.0154077147602072 0.165 1
-1.11361703360188 -0.205974789518413 0.131987109896617 1
-1.00970265041743 -0.588111372796788 0.0739394023671481 1
-0.584582689589801 -1.01252562328056 0.0380304697654091 1
-0.00446748074263434 -1.16848595290558 0.0739387185686164 1
0.378429107531881 -1.0674076845648 0.131987032726025 1
0.545353415979797 -0.975395254078657 0.165 1
-1.11739377675279 -0.015407714760211 0.055 1
-1.11449090872882 -0.208277813681193 0.0439957032988722 1
-1.00707223314787 -0.592068938472078 0.0246464674557161 1
-0.584055347548915 -1.01161094105597 0.0126768232551363 1
-0.00920725904809494 -1.16818712024425 0.0246462395228721 1
0.376871896997301 -1.06931561325208 0.0439956775753415 1
0.545353415979797 -0.975395254078656 0.055 1
-1.11739377675279 -0.0154077147602129 0 1
-1.11492784629229 -0.209429325762583 0 1
-1.00575702451309 -0.594047721309723 0 1
-0.583791676528474 -1.01115359994368 0 1
-0.0115771482008248 -1.16803770391359 0 1
0.37609329173001 -1.07026957759572 0 1
0.545353415979797 -0.975395254078656 0 1
