3
3 3
7 7
0 0 0 0 1 2 3 4 4 4 4 
0 0 0 0 1 2 3 4 4 4 4 
0.545353415979797 0.975395254078656 0.94 1
0.416605106561099 0.747850168186588 0.894056119236298 1
0.236202726016887 0.491676608382479 0.848470289680989 1
0.0255620125978522 -0.044314881871584 0.72421039134097 1
-0.543831566979295 0.0412873560647012 0.84845942137715 1
-0.855981451427165 0.0131331093613914 0.894059457697666 1
-1.11739377675279 0.0154077147602012 0.94 1
0.545353415979797 0.975395254078656 0.889326996646507 1
0.40292537560339 0.784791399502015 0.846725928981491 1
0.23203767808255 0.513299496393339 0.760057540481589 1
0.0307012363277601 -0.0532125144302822 0.585794795751592 1
-0.560487148143503 0.0557116378047823 0.760055517372848 1
-0.881130404640188 0.0434499409968964 0.846727221460116 1
-1.11739377675279 0.0154077147602012 0.889326996646507 1
0.545353415979798 0.975395254078656 0.78789619208483 1
0.377065543763297 0.856098594979614 0.753286317893334 1
0.217391808052576 0.567508626482686 0.577697450494734 1
0.0229446582026354 -0.0397701921811229 0.293325807917799 1
-0.60013340894464 0.0955087762205117 0.577714479709687 1
-0.929948202124092 0.101497820023415 0.753283234787634 1
-1.11739377675279 0.0154077147602012 0.78789619208483 1
0.545353415979797 0.975395254078656 0.634435061104943 1
0.350606353705117 0.942045990863439 0.600142193334924 1
0.142750459481648 0.740427741693569 0.350578048718596 1
-0.138894929674336 0.24055560029292 -0.00964118262790949 1
-0.712586317354589 0.246600336755415 0.350611702933213 1
-0.991144692072663 0.167389079149963 0.600135027751936 1
-1.11739377675279 0.0154077147602012 0.634435061104943 1
0.545353415979797 0.975395254078657 0.482449025082678 1
0.329836060592832 1.01775429984577 0.42456578056082 1
0.0463076159246288 0.950688712788057 0.224693041547754 1
-0.363584705203794 0.629741002999056 -0.0264023344893458 1
-0.846471637778493 0.435233808994704 0.224718389460257 1
-1.04631955549658 0.223236063291048 0.424559724060179 1
-1.11739377675279 0.0154077147602012 0.482449025082678 1
0.545353415979797 0.975395254078656 0.380981202752407 1
0.315590695298563 1.06895432628894 0.301054841858427 1
-0.0165090296573122 1.08834260070687 0.166730253268713 1
-0.509100647379981 0.88178954910258 0.0369973564092443 1
-0.934285752593536 0.558449581945932 0.166743533589338 1
-1.08353377048464 0.261176273707151 0.301050882372129 1
-1.11739377675279 0.0154077147602012 0.380981202752407 1
0.545353415979797 0.975395254078656 0.33 1
0.308382685693963 1.09476677859529 0.238111844296915 1
-0.0478607395785201 1.15714180539141 0.141281003934897 1
-0.58161348760638 1.00738926141116 0.0793579234788308 1
-0.978197171981941 0.619994632233847 0.141287302375184 1
-1.1022821723979 0.280326483039328 0.238109129506992 1
-1.11739377675279 0.0154077147602012 0.33 1
