3
3 3
7 7
0 0 0 0 1 2 3 4 4 4 4 
0 0 0 0 1 2 3 4 4 4 4 
0.572040360772995 -0.959987539318455 0.94 1
0.439354690593507 -0.73471568972154 0.8940561192363 1
0.307703070297353 -0.450395865364996 0.848470289680988 1
-0.0511588197654215 2.00886541977113E-05 0.724210391340971 1
0.307671682696765 0.450328274351604 0.848459421377147 1
0.439364332051243 0.734735127423534 0.894059457697672 1
0.572040360772995 0.959987539318455 0.94 1
0.572040360772995 -0.959987539318455 0.889326996646507 1
0.478186600838596 -0.741339310852942 0.846725928981494 1
0.328511564585112 -0.45760027205131 0.760057540481588 1
-0.0614340074597476 1.82066277148313E-05 0.585794795751593 1
0.328491267697123 0.457540289884561 0.760055517372845 1
0.478193955016356 0.741356343966845 0.846727221460125 1
0.572040360772995 0.959987539318455 0.889326996646507 1
0.572040360772995 -0.959987539318455 0.78789619208483 1
0.552870359514867 -0.754597637280625 0.753286317893337 1
0.382780983374531 -0.472021141589501 0.577697450494732 1
-0.0459143258435583 1.44392059314713E-05 0.2933258079178 1
0.382779730963642 0.471976389695546 0.577714479709683 1
0.552873791631075 0.75460985723145 0.753283234787645 1
0.572040360772995 0.959987539318455 0.78789619208483 1
0.572040360772995 -0.959987539318454 0.634435061104944 1
0.640532582768462 -0.774657004468592 0.600142193334929 1
0.569854004232549 -0.49383939515979 0.350578048718593 1
0.277774725713452 8.73740837081805E-06 -0.00964118262790674 1
0.569855314889282 0.493817684840555 0.350611702933205 1
0.640535540896282 0.774661942586076 0.600135027751949 1
0.572040360772995 0.959987539318454 0.634435061104944 1
0.572040360772995 -0.959987539318455 0.482449025082678 1
0.716483048180861 -0.794523557480471 0.424565780560825 1
0.800166768403274 -0.515447928173447 0.224693041547752 1
0.727164059003767 3.08963443543253E-06 -0.026402334489344 1
0.80015935406453 0.515449037401831 0.224718389460251 1
0.716487879599158 0.794521283890986 0.424559724060193 1
0.572040360772995 0.959987539318455 0.482449025082678 1
0.572040360772995 -0.959987539318454 0.380981202752406 1
0.767946254402212 -0.807786722471027 0.30105484185843 1
0.950786855061635 -0.529874061278368 0.166730253268711 1
1.01820247400445 -6.808371212641E-07 0.0369973564092468 1
0.950774400994758 0.529890405166888 0.166743533589331 1
0.767952173138452 0.807779634244486 0.301050882372138 1
0.572040360772995 0.959987539318454 0.380981202752406 1
0.572040360772995 -0.959987539318455 0.33 1
0.793904498635788 -0.814450629195898 0.238111844296919 1
1.02604456903921 -0.537122286376792 0.141281003934895 1
1.16323143568489 -2.57525478536413E-06 0.0793579234788325 1
1.02602968771548 0.537146284729522 0.141287302375178 1
0.793910941864532 0.814441121915639 0.238109129507002 1
0.572040360772995 0.959987539318455 0.33 1
