3
3 3
4 5
0 0 0 0 1 1 1 1 
0 0 0 0 0.5 1 1 1 1 
-1.11739377675279 0.0154077147602012 0.94 1
-1.11739377675279 0.00513590492006701 0.94 1
-1.11739377675279 -0.00513590492006723 0.94 1
-1.11739377675279 -0.0154077147602015 0.94 1
-1.11739377675279 0.0154077147602032 0.783333333333333 1
-1.11741738104625 0.00513595916399108 0.783341606670557 0.999989438404454
-1.11741738104625 -0.00513595916399129 0.783341606670558 0.999989438404453
-1.11739377675279 -0.0154077147602034 0.783333333333333 1
-1.11739377675279 0.0154077147602071 0.47 1
-1.11746459112901 0.00513606765527677 0.47001489232158 0.99996831521336
-1.11746459112901 -0.00513606765527696 0.470014892321581 0.99996831521336
-1.11739377675279 -0.0154077147602072 0.47 1
-1.11739377675279 0.015407714760211 0.156666666666667 1
-1.11751180320633 0.00513617615114605 0.156674940353428 0.999947192022268
-1.11751180320633 -0.00513617615114621 0.156674940353428 0.999947192022268
-1.11739377675279 -0.015407714760211 0.156666666666667 1
-1.11739377675279 0.0154077147602129 0 1
-1.11753540999299 0.00513623040079965 0 0.999936630426721
-1.11753540999299 -0.0051362304007998 0 0.999936630426721
-1.11739377675279 -0.0154077147602129 0 1
